# Simple Voice Chat volume config

own_voice=1.0
efb8a43b-608f-464b-8062-0593526e69c6=1.5217391304347827
ed009394-7da4-46bd-afaa-276199221790=0.5652173913043478
